('D = ', [-0.05511548768911767, -0.014006029815574144, 0.011581581796574796, 0.003803651858776121, 0.0])
('K = ', [551.0775628182142, 0.0, 333.30952233907743, 0.0, 551.7321435785484, 283.32884486577336, 0.0, 0.0, 1.0])
('R = ', [1.0, 0.0, 0.0, 0.0, 1.0, 0.0, 0.0, 0.0, 1.0])
('P = ', [540.0718994140625, 0.0, 336.32880113792635, 0.0, 0.0, 541.2304077148438, 288.1669796751412, 0.0, 0.0, 0.0, 1.0, 0.0])
None
# oST version 5.0 parameters


[image]

width
640

height
480

[narrow_stereo]

camera matrix
551.077563 0.000000 333.309522
0.000000 551.732144 283.328845
0.000000 0.000000 1.000000

distortion
-0.055115 -0.014006 0.011582 0.003804 0.000000

rectification
1.000000 0.000000 0.000000
0.000000 1.000000 0.000000
0.000000 0.000000 1.000000

projection
540.071899 0.000000 336.328801 0.000000
0.000000 541.230408 288.166980 0.000000
0.000000 0.000000 1.000000 0.000000


('Wrote calibration data to', '/tmp/calibrationdata.tar.gz')
('Wrote calibration data to', '/tmp/calibrationdata.tar.gz')
('Wrote calibration data to', '/tmp/calibrationdata.tar.gz')
('D = ', [-0.05511548768911767, -0.014006029815574144, 0.011581581796574796, 0.003803651858776121, 0.0])
('K = ', [551.0775628182142, 0.0, 333.30952233907743, 0.0, 551.7321435785484, 283.32884486577336, 0.0, 0.0, 1.0])
('R = ', [1.0, 0.0, 0.0, 0.0, 1.0, 0.0, 0.0, 0.0, 1.0])
('P = ', [540.0718994140625, 0.0, 336.32880113792635, 0.0, 0.0, 541.2304077148438, 288.1669796751412, 0.0, 0.0, 0.0, 1.0, 0.0])
# oST version 5.0 parameters


[image]

width
640

height
480

[narrow_stereo]

camera matrix
551.077563 0.000000 333.309522
0.000000 551.732144 283.328845
0.000000 0.000000 1.000000

distortion
-0.055115 -0.014006 0.011582 0.003804 0.000000

rectification
1.000000 0.000000 0.000000
0.000000 1.000000 0.000000
0.000000 0.000000 1.000000

projection
540.071899 0.000000 336.328801 0.000000
0.000000 541.230408 288.166980 0.000000
0.000000 0.000000 1.000000 0.000000
